99% VaR 
-927.2045084579181 
-914.1534568378238 
-911.9778341831696 
-899.12580023842 
-893.8487516250151 
-877.1719088773897 
-872.261631830325 
-869.2176863063555 
-857.7984195249192 
-856.46379588481 
-849.0403140523154 
-845.0942737206303 
-838.9371244892629 
-833.7864919940231 
-828.5786990154834 
-828.2937477521516 
-826.3120673852143 
-825.5857129145779 
-823.6417930941608 
-822.8310891774756 
-821.3615329735381 
-821.1613683381302 
-818.9072051534848 
-818.8971487215208 
-815.3987964423015 
-813.6883857615732 
-809.3311030735056 
-805.1870008611072 
-801.9927306666892 
-797.796253623 
-797.4753166238241 
-791.1192963995608 
-789.1286117081199 
-783.4504278912334 
-776.4982449874528 
-767.5590248523266 
-765.855810286452 
-763.2843490388912 
-758.3475639589908 
-757.560296088332 
-756.4587180953058 
-756.4243063800761 
-754.9029638113047 
-754.733525476409 
-753.8580928143554 
-751.520401925646 
-750.9036999593332 
-749.6653401960793 
-748.5035085125277 
-748.4278999129925 
-748.3178395585267 
-747.5231478418073 
-746.4018333650649 
-746.2462115224307 
-745.8682786365802 
-739.9909857918049 
-739.1153144387138 
-737.2521333027438 
-737.1227921241962 
-735.5147437081523 
-735.4184039626974 
-734.8532048109496 
-734.7450229561547 
-733.7917290583242 
-731.0416611269391 
-730.5763525422324 
-729.666170976346 
-727.0560550399697 
-726.9163921191757 
-725.7092756101258 
-725.5241057920095 
-725.2070056054874 
-723.6694612810752 
-723.5155145461619 
-721.1957300223721 
-720.3358934791888 
-718.0425837985481 
-713.4831678834032 
-712.8842380497201 
-709.8137795913267 
-709.1232244164389 
-708.5362343384492 
-706.5383491136386 
-706.0939624537257 
-705.0612651987503 
-704.5786026242756 
-703.6316925454682 
-701.9425218046691 
-699.8542106694993 
-699.3703581955838 
-699.1059666834265 
-696.8631332872149 
-692.6718640428795 
-692.3401512726773 
-692.1594948501516 
-691.9845130744147 
-691.7183619642673 
-690.3433775276784 
-689.4234546048053 
-687.9350497761694 
